definition

INFO
CREW COUNT  SKILLS    TOOLS   SPARE PARTS
       41        0        0             0

DEPOT TECHNICIANS AND REQUESTS
ID           X        Y     TWS     TWE    Serv     SKILLS   TOOLS    SPARE PARTS
0         48.9      2.6   420.0  1140.0     0.0 	[] 	[] 	[]
1         48.9      2.6   420.0  1140.0     0.0 	[] 	[] 	[]
2         48.9      2.6   420.0  1140.0     0.0 	[] 	[] 	[]
3         48.9      2.6   420.0  1140.0     0.0 	[] 	[] 	[]
4         48.9      2.6   420.0  1140.0     0.0 	[] 	[] 	[]
5         48.9      2.6   420.0  1140.0     0.0 	[] 	[] 	[]
6         48.9      2.6   420.0  1140.0     0.0 	[] 	[] 	[]
7         48.9      2.6   420.0  1140.0     0.0 	[] 	[] 	[]
8         48.9      2.6   420.0  1140.0     0.0 	[] 	[] 	[]
9         48.9      2.6   420.0  1140.0     0.0 	[] 	[] 	[]
10        48.9      2.6   420.0  1140.0     0.0 	[] 	[] 	[]
11        48.9      2.6   420.0  1140.0     0.0 	[] 	[] 	[]
12        48.9      2.6   420.0  1140.0     0.0 	[] 	[] 	[]
13        48.9      2.6   420.0  1140.0     0.0 	[] 	[] 	[]
14        48.9      2.6   420.0  1140.0     0.0 	[] 	[] 	[]
15        48.9      2.6   420.0  1140.0     0.0 	[] 	[] 	[]
16        48.9      2.6   420.0  1140.0     0.0 	[] 	[] 	[]
17        48.9      2.6   420.0  1140.0     0.0 	[] 	[] 	[]
18        48.9      2.6   420.0  1140.0     0.0 	[] 	[] 	[]
19        48.9      2.6   420.0  1140.0     0.0 	[] 	[] 	[]
20        48.9      2.6   420.0  1140.0     0.0 	[] 	[] 	[]
21        48.9      2.6   420.0  1140.0     0.0 	[] 	[] 	[]
22        48.9      2.6   420.0  1140.0     0.0 	[] 	[] 	[]
23        48.9      2.6   420.0  1140.0     0.0 	[] 	[] 	[]
24        48.9      2.6   420.0  1140.0     0.0 	[] 	[] 	[]
25        48.9      2.6   420.0  1140.0     0.0 	[] 	[] 	[]
26        48.9      2.6   420.0  1140.0     0.0 	[] 	[] 	[]
27        48.9      2.6   420.0  1140.0     0.0 	[] 	[] 	[]
28        48.9      2.6   420.0  1140.0     0.0 	[] 	[] 	[]
29        48.9      2.6   420.0  1140.0     0.0 	[] 	[] 	[]
30        48.9      2.6   420.0  1140.0     0.0 	[] 	[] 	[]
31        48.9      2.6   420.0  1140.0     0.0 	[] 	[] 	[]
32        48.9      2.6   420.0  1140.0     0.0 	[] 	[] 	[]
33        48.9      2.6   420.0  1140.0     0.0 	[] 	[] 	[]
34        48.9      2.6   420.0  1140.0     0.0 	[] 	[] 	[]
35        48.9      2.6   420.0  1140.0     0.0 	[] 	[] 	[]
36        48.9      2.6   420.0  1140.0     0.0 	[] 	[] 	[]
37        48.9      2.6   420.0  1140.0     0.0 	[] 	[] 	[]
38        48.9      2.6   420.0  1140.0     0.0 	[] 	[] 	[]
39        48.9      2.6   420.0  1140.0     0.0 	[] 	[] 	[]
40        48.9      2.6   420.0  1140.0     0.0 	[] 	[] 	[]
41        48.9      2.6   420.0  1140.0     0.0 	[] 	[] 	[]
42        48.9      2.5   585.0   600.0    90.0 	[] 	[] 	[]
43        48.9      2.5   765.0   780.0    90.0 	[] 	[] 	[]
44        48.9      2.5   585.0   600.0    90.0 	[] 	[] 	[]
45        48.9      2.5   885.0   900.0    90.0 	[] 	[] 	[]
46        48.9      2.4   585.0   600.0    90.0 	[] 	[] 	[]
47        48.9      2.5   885.0   900.0    90.0 	[] 	[] 	[]
48        48.9      2.6   765.0   780.0    90.0 	[] 	[] 	[]
49        48.8      2.7     0.0  1440.0    90.0 	[] 	[] 	[]
50        48.9      2.5   525.0   540.0    90.0 	[] 	[] 	[]
51        48.9      2.6     0.0  1440.0    90.0 	[] 	[] 	[]
52        48.9      2.5   465.0   480.0    90.0 	[] 	[] 	[]
53        48.9      2.5   465.0   480.0    90.0 	[] 	[] 	[]
54        48.8      2.6   765.0   780.0    90.0 	[] 	[] 	[]
55        48.9      2.6   765.0   780.0    90.0 	[] 	[] 	[]
56        48.9      2.5   585.0   600.0    90.0 	[] 	[] 	[]
57        48.9      2.4   465.0   480.0    90.0 	[] 	[] 	[]
58        48.9      2.4   885.0   900.0    90.0 	[] 	[] 	[]
59        48.9      2.5   885.0   900.0    90.0 	[] 	[] 	[]
60        48.9      2.5   885.0   900.0    90.0 	[] 	[] 	[]
61        49.0      2.4   465.0   480.0    90.0 	[] 	[] 	[]
62        48.9      2.6   465.0   480.0    90.0 	[] 	[] 	[]
63        49.0      2.6   585.0   600.0    90.0 	[] 	[] 	[]
64        48.9      2.5   585.0   600.0    90.0 	[] 	[] 	[]
65        48.9      2.5   585.0   600.0    90.0 	[] 	[] 	[]
66        48.9      2.5   465.0   480.0    90.0 	[] 	[] 	[]
67        48.9      2.5   885.0   900.0    90.0 	[] 	[] 	[]
68        48.7      2.6   465.0   480.0    90.0 	[] 	[] 	[]
69        48.8      2.5   885.0   900.0    90.0 	[] 	[] 	[]
70        48.9      2.5   525.0   540.0    90.0 	[] 	[] 	[]
71        48.9      2.5   465.0   480.0    90.0 	[] 	[] 	[]
72        48.9      2.5   885.0   900.0    90.0 	[] 	[] 	[]
73        48.9      2.4   585.0   600.0    90.0 	[] 	[] 	[]
74        48.9      2.6   765.0   780.0    90.0 	[] 	[] 	[]
75        48.9      2.4   465.0   480.0    90.0 	[] 	[] 	[]
76        48.9      2.5   765.0   780.0    90.0 	[] 	[] 	[]
77        48.9      2.5   765.0   780.0    90.0 	[] 	[] 	[]
78        48.9      2.5   585.0   600.0    90.0 	[] 	[] 	[]
79        48.9      2.4   765.0   780.0    90.0 	[] 	[] 	[]
80        48.9      2.6   765.0   780.0    90.0 	[] 	[] 	[]
81        49.0      2.6   465.0   480.0    90.0 	[] 	[] 	[]
82        48.9      2.5   885.0   900.0    90.0 	[] 	[] 	[]
83        48.9      2.5   465.0   480.0    90.0 	[] 	[] 	[]
84        48.9      2.5   765.0   780.0    90.0 	[] 	[] 	[]
85        48.9      2.5   585.0   600.0    90.0 	[] 	[] 	[]
86        48.9      2.5   585.0   600.0    45.0 	[] 	[] 	[]
87        48.9      2.5   585.0   600.0    45.0 	[] 	[] 	[]
88        48.8      2.7   585.0   600.0    45.0 	[] 	[] 	[]
89        48.9      2.5   825.0   840.0    45.0 	[] 	[] 	[]
90        48.8      2.6   465.0   480.0    45.0 	[] 	[] 	[]
91        49.0      2.5   585.0   600.0    45.0 	[] 	[] 	[]
92        48.9      2.5   465.0   480.0    45.0 	[] 	[] 	[]
93        48.9      2.5   825.0   840.0    45.0 	[] 	[] 	[]
94        48.8      2.6   585.0   600.0    45.0 	[] 	[] 	[]
95        48.9      2.5   945.0   960.0    45.0 	[] 	[] 	[]
96        48.9      2.5   765.0   780.0    45.0 	[] 	[] 	[]
97        48.9      2.5   465.0   480.0    45.0 	[] 	[] 	[]
98        48.9      2.5   765.0   780.0    45.0 	[] 	[] 	[]
99        48.9      2.5   765.0   780.0    45.0 	[] 	[] 	[]
100       48.9      2.5   945.0   960.0    45.0 	[] 	[] 	[]
101       48.9      2.5   945.0   960.0    45.0 	[] 	[] 	[]
102       48.9      2.5   945.0   960.0    45.0 	[] 	[] 	[]
103       49.0      2.5   945.0   960.0    45.0 	[] 	[] 	[]
104       48.9      2.5   585.0   600.0    45.0 	[] 	[] 	[]
105       48.9      2.5   465.0   480.0    45.0 	[] 	[] 	[]
106       48.9      2.5   765.0   780.0    45.0 	[] 	[] 	[]
107       48.9      2.5   945.0   960.0    45.0 	[] 	[] 	[]
108       48.9      2.6   465.0   480.0    45.0 	[] 	[] 	[]
109       48.9      2.5   465.0   480.0    45.0 	[] 	[] 	[]
110       49.0      2.5   585.0   600.0    90.0 	[] 	[] 	[]
111       48.9      2.5   885.0   900.0    90.0 	[] 	[] 	[]
112       48.9      2.5   600.0  1440.0    90.0 	[] 	[] 	[]
113       48.8      2.6   585.0   600.0    90.0 	[] 	[] 	[]
114       48.9      2.5     0.0  1440.0    90.0 	[] 	[] 	[]
115       48.9      2.5   465.0   480.0    90.0 	[] 	[] 	[]
116       48.9      2.5   585.0   600.0    90.0 	[] 	[] 	[]
117       49.0      2.5   765.0   780.0    90.0 	[] 	[] 	[]
118       48.9      2.5   765.0   780.0    90.0 	[] 	[] 	[]
119       48.9      2.5   465.0   480.0    90.0 	[] 	[] 	[]
120       48.9      2.5   885.0   900.0    90.0 	[] 	[] 	[]
121       48.9      2.5   465.0   480.0    90.0 	[] 	[] 	[]
122       48.9      2.5     0.0  1440.0    90.0 	[] 	[] 	[]
123       48.9      2.5   885.0   900.0    90.0 	[] 	[] 	[]
124       48.9      2.5     0.0  1440.0    90.0 	[] 	[] 	[]
125       48.8      2.6   885.0   900.0    90.0 	[] 	[] 	[]
126       48.9      2.5   765.0   780.0    90.0 	[] 	[] 	[]
127       48.9      2.6   465.0   480.0    90.0 	[] 	[] 	[]
128       48.9      2.5   765.0   780.0    90.0 	[] 	[] 	[]
129       48.9      2.5   465.0   480.0    90.0 	[] 	[] 	[]
130       48.9      2.5     0.0  1440.0    90.0 	[] 	[] 	[]
131       48.9      2.5   525.0   540.0    90.0 	[] 	[] 	[]
132       48.9      2.5     0.0  1440.0    90.0 	[] 	[] 	[]
133       48.9      2.5   465.0   480.0    90.0 	[] 	[] 	[]
134       48.9      2.5   885.0   900.0    90.0 	[] 	[] 	[]
135       48.9      2.5   465.0   480.0    90.0 	[] 	[] 	[]
136       48.8      2.5     0.0  1440.0    90.0 	[] 	[] 	[]
137       48.9      2.5   885.0   900.0    90.0 	[] 	[] 	[]
138       48.9      2.4     0.0  1440.0    90.0 	[] 	[] 	[]
139       48.9      2.6     0.0  1440.0    90.0 	[] 	[] 	[]
140       48.9      2.5   585.0   600.0    90.0 	[] 	[] 	[]
141       48.9      2.5     0.0  1440.0    90.0 	[] 	[] 	[]
142       48.9      2.5     0.0  1440.0    90.0 	[] 	[] 	[]
143       48.8      2.6     0.0  1440.0    90.0 	[] 	[] 	[]
144       48.9      2.5     0.0  1440.0    90.0 	[] 	[] 	[]
145       48.9      2.5   585.0   600.0    90.0 	[] 	[] 	[]
146       48.9      2.5   765.0   780.0    90.0 	[] 	[] 	[]
147       48.9      2.5   885.0   900.0    90.0 	[] 	[] 	[]
148       49.0      2.5   585.0   600.0    90.0 	[] 	[] 	[]
149       49.0      2.4   885.0   900.0    90.0 	[] 	[] 	[]
150       48.9      2.5     0.0  1440.0    90.0 	[] 	[] 	[]
151       48.9      2.6   765.0   780.0    90.0 	[] 	[] 	[]
152       48.9      2.5     0.0  1440.0    90.0 	[] 	[] 	[]
153       48.9      2.6     0.0   549.0    45.0 	[] 	[] 	[]
154       48.9      2.5     0.0  1440.0    45.0 	[] 	[] 	[]
155       48.9      2.4     0.0  1440.0    45.0 	[] 	[] 	[]
156       48.9      2.5     0.0   867.0    45.0 	[] 	[] 	[]
157       48.8      2.6     0.0  1080.0    45.0 	[] 	[] 	[]
158       49.0      2.6   645.0   660.0    45.0 	[] 	[] 	[]
159       48.9      2.5     0.0  1440.0    90.0 	[] 	[] 	[]
160       48.9      2.5   765.0   780.0    45.0 	[] 	[] 	[]
161       48.9      2.5     0.0  1440.0    45.0 	[] 	[] 	[]
162       48.9      2.5   825.0   840.0    45.0 	[] 	[] 	[]
163       48.8      2.5     0.0  1440.0    45.0 	[] 	[] 	[]
164       48.9      2.5   585.0   600.0    45.0 	[] 	[] 	[]
165       48.9      2.5   465.0   480.0    45.0 	[] 	[] 	[]
166       49.0      2.5   465.0   480.0    90.0 	[] 	[] 	[]
167       48.8      2.5   585.0   600.0    45.0 	[] 	[] 	[]
168       48.9      2.5   585.0   600.0    45.0 	[] 	[] 	[]
169       48.8      2.6     0.0  1440.0    45.0 	[] 	[] 	[]
170       48.9      2.5   465.0   480.0    45.0 	[] 	[] 	[]
171       48.9      2.5   735.0   750.0    45.0 	[] 	[] 	[]
172       48.9      2.5     0.0  1080.0    45.0 	[] 	[] 	[]
173       48.9      2.5   465.0   480.0    45.0 	[] 	[] 	[]
174       48.9      2.6   465.0   480.0    45.0 	[] 	[] 	[]
175       48.9      2.5   885.0   900.0    45.0 	[] 	[] 	[]
176       48.9      2.5   465.0   480.0    45.0 	[] 	[] 	[]
177       49.0      2.5   465.0   480.0    45.0 	[] 	[] 	[]
178       48.9      2.5     0.0  1440.0    45.0 	[] 	[] 	[]
179       48.9      2.5     0.0  1440.0    45.0 	[] 	[] 	[]
180       48.9      2.4   765.0   780.0    45.0 	[] 	[] 	[]
181       48.9      2.5     0.0  1440.0    45.0 	[] 	[] 	[]
182       48.9      2.4     0.0  1440.0    45.0 	[] 	[] 	[]
183       48.9      2.5     0.0   890.0    45.0 	[] 	[] 	[]
184       48.8      2.6   465.0   480.0    45.0 	[] 	[] 	[]
185       48.9      2.5     0.0  1440.0    45.0 	[] 	[] 	[]
186       48.9      2.5     0.0   720.0    45.0 	[] 	[] 	[]
187       48.8      2.6     0.0  1440.0    45.0 	[] 	[] 	[]
188       48.9      2.5     0.0  1440.0    45.0 	[] 	[] 	[]
189       48.9      2.5     0.0  1440.0    45.0 	[] 	[] 	[]
190       48.9      2.5   765.0   780.0    45.0 	[] 	[] 	[]
191       48.9      2.5   525.0   540.0    45.0 	[] 	[] 	[]
192       48.9      2.5   765.0   780.0    45.0 	[] 	[] 	[]
193       48.9      2.5     0.0  1440.0    45.0 	[] 	[] 	[]
194       48.9      2.5     0.0  1440.0    45.0 	[] 	[] 	[]
195       48.9      2.4     0.0  1440.0    45.0 	[] 	[] 	[]
196       48.9      2.6   585.0   600.0    45.0 	[] 	[] 	[]
197       48.9      2.5   585.0   600.0    45.0 	[] 	[] 	[]
198       48.9      2.5     0.0  1440.0    45.0 	[] 	[] 	[]
199       48.8      2.7   585.0   600.0    45.0 	[] 	[] 	[]
200       48.9      2.5     0.0   788.0    45.0 	[] 	[] 	[]
201       48.9      2.4   645.0   660.0    45.0 	[] 	[] 	[]
202       48.9      2.5   645.0   660.0    45.0 	[] 	[] 	[]
203       48.9      2.5     0.0  1440.0    45.0 	[] 	[] 	[]
204       48.9      2.5   765.0   780.0    45.0 	[] 	[] 	[]
205       48.9      2.5   645.0   660.0    45.0 	[] 	[] 	[]
206       48.9      2.5     0.0  1440.0    45.0 	[] 	[] 	[]
207       49.0      2.6   645.0   660.0    45.0 	[] 	[] 	[]
208       48.9      2.5     0.0  1440.0    45.0 	[] 	[] 	[]
209       48.9      2.5     0.0  1440.0    45.0 	[] 	[] 	[]
210       48.9      2.5     0.0  1440.0    45.0 	[] 	[] 	[]
211       48.8      2.5     0.0  1440.0    45.0 	[] 	[] 	[]
212       48.9      2.5     0.0   560.0    45.0 	[] 	[] 	[]
213       48.8      2.6     0.0  1440.0    45.0 	[] 	[] 	[]
214       48.9      2.5   765.0   780.0    45.0 	[] 	[] 	[]
215       48.9      2.5     0.0  1440.0    45.0 	[] 	[] 	[]
216       48.9      2.5     0.0  1440.0    45.0 	[] 	[] 	[]
217       48.9      2.5     0.0   952.0    45.0 	[] 	[] 	[]
218       48.9      2.5     0.0  1440.0    45.0 	[] 	[] 	[]
219       48.9      2.5     0.0  1440.0    45.0 	[] 	[] 	[]
220       48.8      2.6     0.0  1440.0    45.0 	[] 	[] 	[]
221       48.9      2.5     0.0  1440.0    45.0 	[] 	[] 	[]
222       48.9      2.6     0.0  1440.0    45.0 	[] 	[] 	[]
223       48.9      2.5     0.0  1440.0    45.0 	[] 	[] 	[]
224       48.9      2.5   765.0   780.0    45.0 	[] 	[] 	[]
225       48.9      2.5   765.0   780.0    45.0 	[] 	[] 	[]
226       48.9      2.5     0.0   869.0    45.0 	[] 	[] 	[]
227       49.0      2.6   825.0   840.0    45.0 	[] 	[] 	[]
228       48.8      2.7   825.0   840.0    45.0 	[] 	[] 	[]
229       48.9      2.5     0.0   632.0    45.0 	[] 	[] 	[]
230       48.9      2.5     0.0  1440.0    45.0 	[] 	[] 	[]
231       48.9      2.5     0.0  1440.0    45.0 	[] 	[] 	[]
232       48.9      2.4     0.0  1440.0    45.0 	[] 	[] 	[]
233       48.9      2.5     0.0  1440.0    90.0 	[] 	[] 	[]
234       48.9      2.5     0.0  1440.0    45.0 	[] 	[] 	[]
235       48.9      2.4     0.0  1440.0    45.0 	[] 	[] 	[]
236       48.9      2.5     0.0  1440.0    45.0 	[] 	[] 	[]
237       48.9      2.5   885.0   900.0    45.0 	[] 	[] 	[]
238       48.8      2.6   885.0   900.0    45.0 	[] 	[] 	[]
239       48.9      2.5     0.0  1440.0    45.0 	[] 	[] 	[]
240       48.9      2.5     0.0  1440.0    45.0 	[] 	[] 	[]
241       48.9      2.5     0.0  1440.0    45.0 	[] 	[] 	[]
242       48.9      2.4     0.0  1440.0    45.0 	[] 	[] 	[]
243       48.9      2.5     0.0  1440.0    45.0 	[] 	[] 	[]
244       48.9      2.5     0.0  1440.0    45.0 	[] 	[] 	[]
245       48.8      2.5     0.0  1440.0    45.0 	[] 	[] 	[]
246       48.9      2.6     0.0  1440.0    45.0 	[] 	[] 	[]
247       48.9      2.5     0.0  1440.0    45.0 	[] 	[] 	[]
248       48.8      2.5     0.0  1440.0    45.0 	[] 	[] 	[]
249       48.8      2.5     0.0  1440.0    45.0 	[] 	[] 	[]
250       48.9      2.5     0.0  1440.0    45.0 	[] 	[] 	[]
251       48.9      2.6     0.0  1440.0    45.0 	[] 	[] 	[]
252       48.9      2.6     0.0  1440.0    45.0 	[] 	[] 	[]
253       48.9      2.6     0.0  1440.0    45.0 	[] 	[] 	[]
254       48.9      2.5     0.0  1440.0    45.0 	[] 	[] 	[]
255       48.9      2.6     0.0  1440.0    45.0 	[] 	[] 	[]
256       48.9      2.5     0.0  1440.0    45.0 	[] 	[] 	[]
257       48.9      2.5     0.0  1440.0    45.0 	[] 	[] 	[]
258       48.8      2.6     0.0  1440.0    45.0 	[] 	[] 	[]
259       48.9      2.5     0.0  1440.0    45.0 	[] 	[] 	[]
260       48.9      2.5     0.0  1440.0    45.0 	[] 	[] 	[]
261       48.9      2.5     0.0   867.0    45.0 	[] 	[] 	[]
262       48.9      2.5     0.0  1440.0    45.0 	[] 	[] 	[]
263       48.9      2.5     0.0  1440.0    90.0 	[] 	[] 	[]
264       48.9      2.5     0.0   904.0    45.0 	[] 	[] 	[]
265       48.9      2.5     0.0  1440.0    45.0 	[] 	[] 	[]
266       49.0      2.5     0.0  1440.0    45.0 	[] 	[] 	[]
267       48.9      2.6     0.0   943.0    45.0 	[] 	[] 	[]
268       49.0      2.5     0.0  1440.0    45.0 	[] 	[] 	[]
269       48.9      2.5     0.0  1053.0    45.0 	[] 	[] 	[]
270       48.9      2.6     0.0  1440.0    45.0 	[] 	[] 	[]
271       48.9      2.5     0.0  1440.0    45.0 	[] 	[] 	[]
272       48.9      2.6     0.0  1440.0    45.0 	[] 	[] 	[]
273       48.9      2.5   765.0   780.0    45.0 	[] 	[] 	[]
274       48.8      2.5     0.0  1440.0    45.0 	[] 	[] 	[]
275       48.9      2.5     0.0  1440.0    45.0 	[] 	[] 	[]
276       48.9      2.5   825.0   840.0    45.0 	[] 	[] 	[]
277       48.9      2.4     0.0   809.0    45.0 	[] 	[] 	[]
278       48.9      2.5     0.0  1067.0    45.0 	[] 	[] 	[]
279       48.9      2.5   465.0   480.0    45.0 	[] 	[] 	[]
280       48.9      2.5     0.0  1440.0    45.0 	[] 	[] 	[]
281       48.9      2.5     0.0  1440.0    45.0 	[] 	[] 	[]
282       48.8      2.6     0.0  1038.0    45.0 	[] 	[] 	[]
283       48.9      2.5     0.0   753.0    45.0 	[] 	[] 	[]
284       48.9      2.5     0.0  1440.0    45.0 	[] 	[] 	[]
285       48.9      2.5   525.0   540.0    45.0 	[] 	[] 	[]
286       48.9      2.5     0.0  1440.0    45.0 	[] 	[] 	[]
287       48.9      2.6   825.0   840.0    45.0 	[] 	[] 	[]
288       48.9      2.5   525.0   540.0    45.0 	[] 	[] 	[]
289       48.9      2.5   525.0   540.0    45.0 	[] 	[] 	[]
290       48.8      2.6   525.0   540.0    45.0 	[] 	[] 	[]
291       48.9      2.5     0.0   858.0    45.0 	[] 	[] 	[]
292       48.9      2.5     0.0  1440.0    45.0 	[] 	[] 	[]
293       48.9      2.5   885.0   900.0    45.0 	[] 	[] 	[]
294       48.9      2.6  1077.0  1440.0    45.0 	[] 	[] 	[]
295       49.0      2.5   465.0   480.0    45.0 	[] 	[] 	[]
296       48.9      2.5   465.0   480.0    45.0 	[] 	[] 	[]
297       48.9      2.5   525.0   540.0    45.0 	[] 	[] 	[]
298       48.9      2.5   465.0   480.0    45.0 	[] 	[] 	[]
299       48.9      2.5   795.0   810.0    45.0 	[] 	[] 	[]
